{
      "comment_ratio": 37.12338593974175,
      "cyclomatic_complexity": 6,
      "fanout_external": 3,
      "fanout_internal": 0,
      "halstead_bugprop": 0.470356383171919,
      "halstead_difficulty": 17.77777777777778,
      "halstead_effort": 25085.673769169018,
      "halstead_timerequired": 1393.648542731612,
      "halstead_volume": 1411.069149515757,
      "lang": [
        "Python"
      ],
      "loc": 1,
      "operands_sum": 128,
      "operands_uniq": 54,
      "operators_sum": 103,
      "operators_uniq": 15
    }
  },
  "overall": {
    "comment_ratio": 37.12338593974175,
    "cyclomatic_complexity": 6,
    "fanout_external": 3,
    "fanout_internal": 0,
    "halstead_bugprop": 0.470356383171919,
    "halstead_difficulty": 17.77777777777778,
    "halstead_effort": 25085.673769169018,
    "halstead_timerequired": 1393.648542731612,
    "halstead_volume": 1411.069149515757,
    "loc": 1,
    "maintainability_index": 100,
    "operands_sum": 128,
    "operands_uniq": 54,
    "operators_sum": 103,
    "operators_uniq": 15,
    "pylint": 100.0,
    "tiobe": 89.01673640167364,
    "tiobe_compiler": 100.0,
    "tiobe_complexity": 26.778242677824267,
    "tiobe_coverage": 100.0,
    "tiobe_duplication": 100.0,
    "tiobe_fanout": 100.0,
    "tiobe_functional": 100.0,
    "tiobe_security": 100.0,
    "tiobe_standard": 100.0
  },
  "stats": {
    "max": {
      "comment_ratio": 37.12338593974175,
      "cyclomatic_complexity": 6,
      "fanout_external": 3,
      "fanout_internal": 0,
      "halstead_bugprop": 0.470356383171919,
      "halstead_difficulty": 17.77777777777778,
      "halstead_effort": 25085.673769169018,
      "halstead_timerequired": 1393.648542731612,
      "halstead_volume": 1411.069149515757,
      "loc": 1,
      "operands_sum": 128,
      "operands_uniq": 54,
      "operators_sum": 103,
      "operators_uniq": 15
    },
    "mean": {
      "comment_ratio": 37.12338593974175,
      "cyclomatic_complexity": 6,
      "fanout_external": 3,
      "fanout_internal": 0,
      "halstead_bugprop": 0.470356383171919,
      "halstead_difficulty": 17.77777777777778,
      "halstead_effort": 25085.673769169018,
      "halstead_timerequired": 1393.648542731612,
      "halstead_volume": 1411.069149515757,
      "loc": 1,
      "operands_sum": 128,
      "operands_uniq": 54,
      "operators_sum": 103,
      "operators_uniq": 15
    },
    "median": {
      "comment_ratio": 37.12338593974175,
      "cyclomatic_complexity": 6,
      "fanout_external": 3,
      "fanout_internal": 0,
      "halstead_bugprop": 0.470356383171919,
      "halstead_difficulty": 17.77777777777778,
      "halstead_effort": 25085.673769169018,
      "halstead_timerequired": 1393.648542731612,
      "halstead_volume": 1411.069149515757,
      "loc": 1,
      "operands_sum": 128,
      "operands_uniq": 54,
      "operators_sum": 103,
      "operators_uniq": 15
    },
    "min": {
      "comment_ratio": 37.12338593974175,
      "cyclomatic_complexity": 6,
      "fanout_external": 3,
      "fanout_internal": 0,
      "halstead_bugprop": 0.470356383171919,
      "halstead_difficulty": 17.77777777777778,
      "halstead_effort": 25085.673769169018,
      "halstead_timerequired": 1393.648542731612,
      "halstead_volume": 1411.069149515757,
      "loc": 1,
      "operands_sum": 128,
      "operands_uniq": 54,
      "operators_sum": 103,
      "operators_uniq": 15
    }
  }
}